x1 = [1 2 3 4]
% x1 =
%
%      1     2     3     4

x2 = 1:5
% x = first:last 从first开始,+1计数,到last结束的行向量
% x2 =
%
%      1     2     3     4     5
x3 = 0:2:10
% x = first:increment:last 从first开始,加increment计数,到last结束
% x3 =
%
%      0     2     4     6     8    10
x4 = linspace(1,999,5)
% 从1开始,999结束,5个元素的行向量
% x4 =
%
%     1.0000  250.5000  500.0000  749.5000  999.0000

x5 = logspace(10,100,3)
% 从first开始,last结束,有n个元素对数分隔的行向量
% x5 =
%
%   1.0e+100 *
%
%     0.0000    0.0000    1.0000

% 行向量与列向量
a = [1 2 3]
b = a' % 转置
% a =
%
%      1     2     3
%
%
% b =
%
%      1
%      2
%      3

% 标量对数组运算
c1 = a * 2
c2 = a .* 2
% c1 =
%
%      2     4     6
%
%
% c2 =
%
%      2     4     6

% 特殊矩阵
m1 = ones(3,4) %3*4的全部为1的矩阵
% m1 =
%
%      1     1     1     1
%      1     1     1     1
%      1     1     1     1
m2 = zeros(1,3)
% m2 =
%
%      0     0     0
m3 = []
% m3 =
%
%      []
m4 = eye(4,5) % 对角线元素都为1的矩阵
% m4 =
%
%      1     0     0     0     0
%      0     1     0     0     0
%      0     0     1     0     0
%      0     0     0     1     0
m = [11,12,13;21,22,23;31,32,33]
m(1,:) % 取第一行
% m =
%
%     11    12    13
%     21    22    23
%     31    32    33
%
%
% ans =
%
%     11    12    13
m(:) % 依次取每一列,拉伸成列向量
% ans =
%
%     11
%     21
%     31
%     12
%     22
%     32
%     13
%     23
%     33
m5 = m(1:2,1:2)
% m5 =
%
%     11    12
%     21    22
m(1:2,:)=[] % 删除前两行构成新矩阵
% m =
%
%     31    32    33
m6 = [1, 2, 3]
m7 = [m6;m] % 矩阵拼接

% m7 =
%
%      1     2     3
%     31    32    33
